VM_Kernel_cpu_0	VM_Kernel_cpu_1	VM_Kernel_cpu_2	VM_Kernel_cpu_3	VM_Kernel_cpu_4	VM_Kernel_cpu_5
200028	200028	200032	200036	200028	200028
200028	206116	200028	200028	200028	200028
200028	200028	200028	200028	200028	200028
200028	200028	200028	200028	200028	205500
200028	200032	203564	200028	200028	200028
205892	200028	200032	200028	203968	200028
200032	200028	205060	200028	200028	200028
200028	200028	200028	200028	200028	200028
200028	200028	200028	200028	200028	200028
200028	200028	200028	200028	205496	200028
200028	200028	200028	200028	200028	200028
200028	200028	200028	205956	200028	200028
200028	200028	200028	200028	200028	200028
200028	200028	200028	200028	200028	200028
200028	200028	200028	200028	200028	200028
200028	200028	200028	200028	200028	200028
200028	200028	200028	200028	200028	200028
200028	200028	200028	200028	200028	200028
200028	200028	200028	208068	200028	200028
200028	200028	200028	200056	200028	200028
200028	200028	200028	200028	200028	200028
200028	200028	200028	200028	200028	200028
200028	200028	200028	200028	200028	200028
200028	200028	200028	200028	200028	200028
200028	200028	200028	200028	200028	200028
200028	200028	200028	200028	200028	200028
200028	200028	200028	200028	200028	200028
200028	200028	200028	200028	200028	200028
200028	200028	200028	200028	200028	200028
200028	200028	200028	200028	200028	200028
200028	200028	200028	200028	200028	200028
200028	200028	200028	200028	200028	200028
200028	200028	200028	200028	200028	200028
200028	200028	200028	200028	200028	200028
200028	200028	200028	200028	200028	200028
200028	200028	200028	200028	200028	200028
200028	200028	200028	200028	200028	200028
200028	200028	200028	200028	200028	200028
200028	200028	200028	200028	200028	200028
200028	200028	200028	200028	200028	200028
200028	200028	200028	200028	200028	200028
200028	200028	200028	200028	200028	200028
200028	200028	200028	200028	200028	200028
200028	200028	200028	200028	200028	200028
200028	200028	200028	200028	200028	200028
200028	200028	200028	200028	200028	200028
200028	200028	200028	200028	200028	200028
200028	200028	200028	200028	200028	200028
200028	200028	207280	200028	200028	200028
200028	200028	200052	200028	200028	200028
200028	200028	200028	200028	200028	200028
200028	200028	200028	200028	200028	200028
200028	200028	200028	200028	200028	200028
200028	200028	200028	200028	200028	200028
200028	200028	200028	200028	200028	200028
200028	200028	200028	200028	200028	200028
200028	200028	200028	200028	200028	200028
207552	200028	200028	200028	200028	200028
200052	200028	200028	200028	200028	200028
200028	200028	200028	200028	200028	200028
200028	200028	200028	200028	200028	200028
200028	200028	200028	200028	200028	200028
200028	200028	200028	200028	200028	200028
200028	200028	200028	200028	200028	200028
200028	200028	200028	200028	200028	200028
200028	200028	200028	200028	200028	200028
200028	200028	200028	200028	200028	200028
200028	200028	200028	200028	200028	200028
200028	200028	200028	200028	200028	200028
200028	200028	200028	200028	200028	200028
200028	200028	200028	200028	200028	200028
200028	200028	200028	200028	200028	200028
200028	200028	200028	200028	200028	200028
200028	200028	200028	200028	200028	200028
200028	207460	200028	200028	200028	200028
200028	200052	200028	200028	200028	200028
200028	200028	200028	200028	200028	1337196
200028	200028	200028	200028	200028	200052
200028	200028	200028	200028	200028	200028
200028	200028	200028	200028	200028	200028
200028	200028	200028	200028	200028	200028
200028	200028	200028	200028	200028	200028
200028	200028	200028	200028	200028	200028
200028	200028	200028	200028	200028	200028
200028	200028	200028	200028	200028	200028
200028	200028	200028	200028	200028	200028
200028	200028	200028	200028	200028	200028
200028	200028	200028	200028	200028	200028
200028	200028	200028	200028	200028	200028
200028	200028	200028	200028	207360	200028
200028	200028	200028	200028	200060	200028
200028	200028	200028	200028	200028	200028
200028	200028	200028	200028	200028	200028
200028	200028	200028	200028	200028	200028
200028	200028	200028	200028	200028	200028
200028	200028	200028	200028	200028	200028
200028	200028	200028	200028	200028	200028
200028	200028	200028	200028	200028	200028
200028	200028	200028	200028	200028	200028
200028	200028	200028	200028	200028	200028
200028	200028	200028	200028	200028	200028
200028	200028	200028	200028	200028	200028
200028	200028	200028	200028	200028	200028
200028	200028	200028	200028	200028	200028
200028	200028	200028	200028	200028	200028
200028	200028	200028	200028	200028	200028
200028	200028	200028	200028	200028	200028
200028	200028	200028	200028	200028	200028
200028	200028	200028	200028	200028	200028
200028	200028	200028	200028	200028	200028
200028	200028	200028	200028	200028	200028
200028	200028	200028	200028	200028	200028
200028	200028	200028	200028	200028	200028
200028	200028	200028	200028	200028	200028
200028	200028	200028	200028	200028	200028
200028	200028	200028	200028	200028	200028
200028	200028	200028	200028	200028	200028
200028	200028	200028	200028	200028	200028
200028	200028	200028	200028	200028	200028
200028	200028	200028	200028	200028	200028
200028	200028	200028	200028	200028	200472
200028	200028	200028	200028	200028	200028
200028	200028	200028	200028	200028	200028
200028	200028	200028	200028	200028	200028
200028	200028	200028	200028	200028	200028
200028	200028	200028	200028	200028	200028
200028	200028	200028	200028	200028	200028
200028	200028	200028	200028	200028	200028
200028	200028	200028	200028	200028	200028
200028	200028	200028	200028	200028	200028
200028	200028	200028	200028	200028	200028
200028	200028	200028	200028	200028	200028
200028	200028	200028	200028	200028	200028
200028	200028	200028	200028	200028	200028
200028	200028	200028	200028	200028	200028
200028	200028	200028	200028	200028	200028
200028	200028	200028	200028	200028	200028
200028	200028	200028	200028	200028	200028
200028	200028	200028	206896	200028	200028
200028	200028	200028	200028	200028	200028
200028	200028	200028	200028	200028	200028
200028	200028	200028	200028	200028	200028
200028	200028	200028	200028	200028	200028
200028	200028	200028	200028	200028	200028
200028	200028	200028	200028	200028	200028
200028	200028	200028	200028	200028	200028
200028	200028	200028	200028	200028	200028
200028	200028	200028	200028	200028	200028
200028	200028	200028	200028	200028	200028
200028	200028	200028	200028	200028	200028
200028	200028	200028	200028	200028	200028
200028	200028	200028	200028	200028	200028
200028	200028	200028	200028	200028	200028
200028	200028	200028	200028	200028	200028
200028	200028	200028	200028	200028	200028
200028	200028	200028	200028	200028	200028
200028	200028	200028	200028	200028	200028
200028	200028	200028	200028	200028	200028
200028	200028	243548	200028	200028	200028
200028	200028	200024	200028	200028	200028
200028	200028	200028	200028	200028	200028
200028	200028	234364	200028	200028	200028
200028	200028	200028	200028	200028	200028
200028	200028	200028	200028	200028	200028
200028	200028	200028	200028	200028	200028
200028	200028	200028	200028	200028	200028
200028	200028	200028	200028	200028	200028
200028	200028	207956	200028	200028	200028
200028	200028	200032	200028	200028	200028
200028	200028	200028	200028	200028	200028
200028	200028	200028	200028	200028	200028
200028	200028	200028	200028	200028	200028
200028	200028	200028	200028	200028	200028
200028	200028	200028	200028	200028	200028
200028	200028	200028	200028	200028	200028
200028	200028	200028	200028	200028	200028
200028	200028	200028	200028	200028	200028
206304	200028	200028	200028	200028	200028
200028	200028	200028	200028	200028	200028
200028	200028	200028	200028	200028	200028
200028	200028	200028	200028	200028	200028
200028	200028	200028	200028	200028	200028
200028	200028	200028	200028	200028	200028
200028	200028	200028	200028	200028	200028
200028	200028	200028	200028	200028	200028
200028	200028	200028	200028	200028	200028
200028	200028	200028	200028	200028	200028
200028	200028	200028	200028	200028	200028
200028	200028	200028	200028	200028	200028
200028	200028	200028	200028	200028	200028
200028	200028	200028	200028	200028	210968
200028	200028	200028	200028	200028	200044
200028	200028	200028	200028	200028	200028
200028	200028	200028	200028	200028	200028
200028	206632	200028	200028	200028	200028
200028	200028	200028	200028	200028	200028
200028	200028	200028	200028	200028	200028
200028	200028	200028	200028	200028	200028
200028	200028	200028	200028	200028	200028
200028	200028	200028	200028	200028	200028
200028	200028	200028	200028	200028	200028
200028	200028	200028	200028	200028	200028
200028	200028	200028	200028	200028	200028
200028	200028	200028	200028	200028	200028
200028	200028	200028	200028	200028	200028
200028	200028	200028	200028	200028	200028
200028	200028	200028	200028	200028	200028
200028	200028	200028	200028	200028	200028
200028	200028	200028	200468	206476	200028
200028	200028	200028	200028	200028	200028
200028	200028	200028	200028	200028	200028
200028	200028	200028	200028	200028	200028
200028	200028	200028	200028	200028	200028
200028	200028	200028	200028	200028	200028
200028	200028	200028	200028	200028	200028
200028	200028	200028	200028	200028	200028
200028	200028	200028	200028	200028	200028
200236	200028	200028	200028	200028	200028
200028	200028	200028	200028	200028	200028
200028	200028	200028	200028	200028	200028
200028	200028	200028	200028	200028	200028
200028	200028	200028	200028	200028	200028
200028	200028	200028	200028	200028	200028
200028	200028	200028	200028	200028	200028
200028	200372	200028	200028	200028	200028
200028	200028	200028	200028	200028	200028
200028	200028	200028	200028	200028	200028
200028	200028	200484	200028	200028	200028
200028	200028	200028	200028	200336	200028
200028	200028	200028	200028	200028	200028
200028	200028	200028	200028	200028	200028
200028	200028	200028	200028	200028	200028
200028	200028	200028	200028	200028	200028
200028	200028	200028	200028	200028	200028
200028	200028	200028	200028	200028	200028
200028	200028	200028	200028	200028	200028
200028	200028	200028	200028	200028	200028
200028	200028	200028	200028	200028	200028
200028	200028	200028	200028	200028	200028
200028	200028	200028	200028	200028	200028
200028	200028	200028	200028	200028	200028
200028	200028	200028	200028	200028	200028
200028	200028	200028	200028	200028	200028
200028	200028	200028	200028	200028	200028
200028	200028	200028	200028	200028	200028
200028	200028	200028	200028	200028	200028
200028	200028	200028	200028	200028	200028
200028	200028	200028	200028	200028	200028
200028	200028	200028	200028	200028	200028
200028	200028	200028	200028	200028	200028
200028	200028	200028	200028	200028	200028
200028	200028	200028	200028	200028	200028
200028	200028	200028	200028	200028	200028
200028	200028	200028	200028	200028	200028
200028	200028	200028	200028	200028	200028
200028	200028	200028	200028	200028	200028
200028	200028	200028	200028	200028	200028
200028	200028	200028	200028	200028	200028
200028	200028	200028	207056	200028	200028
200028	200028	200028	200028	200028	200028
200028	200028	200028	200028	200028	200028
200028	200028	200028	200028	200028	200028
200028	200028	200028	200028	200028	200028
200028	200028	200028	200028	200028	200028
200028	200028	200028	200028	200028	200028
200028	200028	200028	200028	200028	200028
200028	200028	200028	200028	200028	200028
200028	200028	200028	200028	200028	200028
200028	200028	200028	200028	200028	200028
200028	200028	200028	200028	200028	200028
200028	200028	200028	200028	200028	200028
200028	200028	200028	200028	200028	200028
200028	200028	200028	200028	200028	200028
200028	200028	200028	200028	200028	200028
200028	200028	200028	200028	200028	200028
200028	200028	200028	200028	200028	200028
200028	200028	200028	200028	200028	200028
200028	200028	200028	200028	200028	200028
200028	200028	200028	200028	200028	200028
200028	200028	200028	200028	200028	200028
200028	200028	200028	200028	200028	200028
200028	200028	200028	200028	200028	200028
200028	200028	200028	200028	200028	200028
200028	200028	200028	200028	200028	200028
200028	200028	200028	200028	200028	200028
200028	200028	200028	200028	200028	200028
200028	200028	200028	200028	200028	200028
200028	200028	206720	200028	200028	200028
200028	200028	200028	200028	200028	200028
200028	200028	200028	200028	200028	200028
200028	200028	200028	200028	200028	200028
200028	200028	200028	200028	200028	200028
200028	200028	200028	200028	200028	200028
200028	200028	200028	200028	200028	200028
200028	200028	200028	200028	200028	200028
200028	200028	200028	200028	200028	200028
206360	200028	200028	200028	200028	200028
200028	200028	200028	200028	200028	200028
200028	200028	200028	200028	200028	200028
200028	200028	200028	200028	200028	200028
200028	200028	200028	200028	200028	200028
200028	200028	200028	200028	200028	200028
200028	200028	200028	200028	200028	200028
200028	200028	200028	200028	200028	200028
200028	200028	200028	200028	200028	200028
200028	200028	200028	200028	200028	200028
200028	200028	200028	200028	200028	200028
200028	200028	200028	200028	200028	200028
200028	200028	200028	200028	200028	200028
200028	200028	200028	200028	200028	200028
200028	200028	200028	200028	200028	1425520
200028	200028	200028	200028	200028	200052
200028	200028	200028	200028	200028	200028
200028	200028	200028	200028	200028	200028
200028	206532	200028	200028	200028	200028
200028	200028	200028	200028	200028	200028
200028	200028	200028	200028	200028	200028
200028	200028	200028	200028	200028	200028
200028	200028	200028	200028	200028	200028
200028	200028	200028	200028	200028	200028
200028	200028	200028	200028	200028	200028
200028	200028	200028	200028	200028	200028
200028	200028	200028	200028	200028	200028
200028	200028	200028	200028	200028	200028
200028	200028	200028	200028	200028	200028
200028	200028	200028	200028	200028	200028
200028	200028	200028	200028	200028	200028
200028	200028	200028	200028	200028	200028
200028	200028	200028	200028	206492	200028
200028	200028	200028	200028	200028	200028
200028	200028	200028	200028	200028	200028
200028	200028	200028	200028	200028	200028
200028	200028	200028	200028	200028	200028
200028	200028	200028	200028	200028	200028
200028	200028	200028	200028	200028	200028
200028	200028	200028	200028	200028	200028
200028	200028	200028	200028	200028	200028
200028	200028	200028	200028	200028	200028
200028	200028	200028	200028	200028	200028
200028	200028	200028	200028	200028	200028
200028	200028	200028	200028	200028	200028
200028	200028	200028	200028	200028	200028
200028	200028	200028	200028	200028	200028
200028	200028	200028	200028	200028	200028
200028	200028	200028	200028	200028	200028
200028	200028	200028	200028	200028	200028
200028	200028	200028	200028	200028	200028
200028	200028	200028	200028	200028	200028
200028	200028	200028	200028	200028	200028
200028	200028	200028	200028	200028	200028
200028	200028	200028	200028	200028	200028
200028	200028	200028	200028	200028	200028
200028	200028	200028	200028	200028	200028
200028	200028	200028	200028	200028	200028
200028	200028	200028	200028	200028	200028
200028	200028	200028	200028	200028	200028
200028	200028	200028	200028	200028	200028
200028	200028	200028	200028	200028	200028
200028	200028	200028	200028	200028	200028
200028	200028	200028	200028	200028	200028
200028	200028	200028	200028	200028	200028
200028	200028	200028	200028	200028	200028
200028	200028	200028	200028	200028	200028
200028	200028	200028	200028	200028	200028
200028	200028	200028	200028	200028	200028
200028	200028	200028	200028	200028	200028
200028	200028	200028	200028	200028	200028
200028	200028	200028	200028	200028	200028
200028	200028	200028	200028	200028	200028
200028	200028	200028	200028	200028	200028
200028	200028	200028	200028	200028	200028
200028	200028	200028	200028	200028	200028
200028	200028	200028	200028	200028	200028
200028	200028	200028	200028	200028	200028
200028	200028	200028	200028	200028	200028
200028	200028	200028	200028	200028	200028
200028	200028	200028	200028	200028	200028
200028	200028	200028	206596	200028	200028
200028	200028	200028	200032	200028	200028
200028	200028	200028	200028	200028	200028
200028	200028	200028	200028	200028	200028
200028	200028	200028	200028	200028	200028
200028	200028	200028	200028	200028	200028
200028	200028	200028	200028	200028	200028
200028	200028	200028	200028	200028	200028
200028	200028	200028	200028	200028	200028
200028	200028	200028	200028	200028	200028
200028	200028	200028	200028	200028	200028
200028	200028	200028	200028	200028	200028
200028	200028	200028	200028	200028	200028
200028	200028	200028	200028	200028	200028
200028	200028	200028	200028	200028	200028
200028	200028	200028	200028	200028	200028
200028	200028	200028	200028	200028	200028
200028	200028	200028	200028	200028	200028
200028	200028	200028	200028	200028	200028
200028	200028	200028	200028	200028	200028
200028	200028	200028	200028	200028	200028
200028	200028	200028	200028	200028	200028
200028	200028	200028	200028	200028	200028
200028	200028	200028	200028	200028	200028
200028	200028	200028	200028	200028	200028
200028	200028	200028	200028	200028	200028
200028	200028	200028	200028	200028	200028
200028	200028	200028	200028	200028	200028
200028	200028	200028	200028	200028	200028
200028	200028	206244	200028	200028	200028
200028	200028	200028	200028	200028	200028
200028	200028	200028	200028	200028	200028
200028	200028	200028	200028	200028	200028
200028	200028	200028	200028	200028	200028
200028	200028	200028	200028	200028	200028
200028	200028	200028	200028	200028	200028
200028	200028	200028	200028	200028	200028
200028	200028	200028	200028	200028	200028
200028	200028	200028	200028	200028	200028
205976	200028	200028	200028	200028	200028
200028	200028	200028	200028	200028	200028
200028	200028	200028	200028	200028	200028
200028	200028	200028	200028	200028	200028
200028	200028	200028	200028	200028	200028
200028	200028	200028	200028	200028	200028
200028	200028	200028	200028	200028	200028
200028	200028	200028	200028	200028	209840
200028	200028	200028	200028	200028	200032
200028	200028	200028	200028	200028	200028
200028	200028	200028	200028	200028	200028
200028	200028	200028	200028	200028	200028
200028	200028	200028	200028	200028	200028
200028	200028	200028	200028	200028	200028
200028	200028	200028	200028	200028	200028
200028	200028	200028	200028	200028	200028
200028	200028	200028	200028	200028	200028
200028	206608	200028	200028	200028	200028
200028	200028	200028	200028	200028	200028
200028	200028	200028	200028	200028	200028
200028	200028	200028	200028	200028	200028
200028	200028	200028	200028	200028	200028
200028	200028	200028	200028	200028	200028
200028	200028	200028	200028	200028	200028
200028	200028	200028	200028	200028	200028
200028	200028	200028	200028	200028	200028
200028	200028	200028	200028	200028	200028
200028	200028	200028	200028	200028	200028
200028	200028	200028	200028	200028	200028
200028	200028	200028	200028	200028	200028
200028	200028	200028	200028	200028	200028
200028	200028	200028	200028	200028	200028
200028	200028	200028	200028	206104	200028
200028	200028	200028	200028	200028	200028
200028	200028	200028	200028	200028	200028
200028	200028	200028	200028	200028	200028
200028	200028	200028	200028	200028	200028
200028	200028	200028	200028	200028	200028
200028	200028	200028	200028	200028	200028
200028	200028	200028	200028	200028	200028
200028	200028	200028	200028	200028	200028
200028	200028	200028	200028	200028	200028
200028	200028	200028	200028	200028	200028
200028	200028	200028	200028	200028	200028
200028	200028	200028	200028	200028	200028
200028	200028	200028	200028	200028	200028
200028	200028	200028	200028	200028	200028
200028	200028	200028	200028	200028	200028
200028	200028	200028	200028	200028	200028
200028	200028	200028	200028	200028	200028
200028	200028	200028	200028	200028	200028
200028	200028	200028	200028	200028	200028
200028	200028	200028	200028	200028	200028
200028	200028	200028	200028	200028	200028
200028	200028	200028	200028	200028	200028
200028	200028	200028	200028	200028	200028
200028	200028	200028	200028	200028	200028
200028	200028	200028	200028	200028	200028
200028	200028	200028	200028	200028	200028
200028	200028	200028	200028	200028	200028
200028	200028	200028	200028	200028	200028
200028	200028	200028	200028	200028	200028
200028	200028	200028	200028	200028	200028
200028	200028	200028	200028	200028	200028
200028	200028	200028	200028	200028	200028
200028	200028	200028	200028	200028	200028
200028	200028	200028	200028	200028	200028
200028	200028	200028	200028	200028	200028
200028	200028	200028	200028	200028	200028
200028	200028	200028	200028	200028	200028
200028	200028	200028	200028	200028	200028
200028	200028	200028	200028	200028	200028
200028	200028	200028	200028	200028	200028
200028	200028	200028	200028	200028	200028
200028	200028	200028	200028	200028	200028
200028	200028	200028	200028	200028	200028
200028	200028	200028	200028	200028	200028
200028	200028	200028	200028	200028	200028
200028	200028	200028	200028	200028	200028
200028	200028	200028	200028	200028	200028
200028	200028	200028	200028	200028	200028
200028	200028	200028	206752	200028	200028
200028	200028	200028	200032	200028	200028
200028	200028	200028	200028	200028	200028
200028	200028	200028	200028	200028	200028
200028	200028	200028	200028	200028	200028
200028	200028	200028	200028	200028	200028
200028	200028	200028	200028	200028	200028
200028	200028	200028	200028	200028	200028
200028	200028	200028	200028	200028	200028
200028	200028	200028	200028	200028	200028
200028	200028	200028	200028	200028	200028
200028	200028	200028	200028	200028	200028
200028	200028	200028	200028	200028	200028
200028	200028	200028	200028	200028	200028
200028	200028	200028	200028	200028	200028
200028	200028	200028	200028	200028	200028
200028	200028	200028	200028	200028	200028
200028	200028	200028	200028	200028	200028
200028	200028	200028	200028	200028	200028
200028	200028	200028	200028	200028	200028
200028	200028	200028	200028	200028	200028
200028	200028	200028	200028	200028	200028
200028	200028	200028	200028	200028	200028
200028	200028	238236	200028	200028	200028
200028	200028	200032	200028	200028	200028
200028	200028	200028	200028	200028	200028
200028	200028	233736	200028	200028	200028
200028	200028	200032	200028	200028	200028
200028	200028	200028	200028	200028	200028
200028	200028	207632	200028	200028	200028
200028	200028	200044	200028	200028	200028
200028	200028	200028	200028	200028	200028
200028	200028	200028	200028	200028	200028
200028	200028	200028	200028	200028	200028
200028	200028	200028	200028	200028	200028
200028	200028	200028	200028	200028	200028
200028	200028	200028	200028	200028	200028
200028	200028	200028	200028	200028	200028
200028	200028	200028	200028	200028	200028
206108	200028	200028	200028	200028	200028
200028	200028	200028	200028	200028	200028
200028	200028	200028	200028	200028	200028
200028	200028	200028	200028	200028	200028
200028	200028	200028	200028	200028	200028
200028	200028	200028	200028	200028	200028
200028	200028	200028	200028	200028	200028
200028	200028	200028	200028	200028	1215628
200028	200028	200028	200028	200028	200056
200028	200028	200028	200028	200028	200028
200028	200028	200028	200028	200028	200028
200028	200028	200028	200028	200028	200028
200028	200028	200028	200028	200028	200028
200028	200028	200028	200028	200028	200028
200028	200028	200028	200028	200028	200028
200028	200028	200028	200028	200028	200028
200028	200028	200028	200028	200028	200028
200028	206228	200028	200028	200028	200028
200028	200028	200028	200028	200028	200028
200028	200028	200028	200028	200028	200028
200028	200028	200028	200028	200028	200028
200028	200028	200028	200028	200028	200028
200028	200028	200028	200028	200028	200028
200028	200028	200028	200028	200028	200028
200028	200028	200028	200028	200028	200028
200028	200028	200028	200028	200028	200028
200028	200028	200028	200028	200028	200028
200028	200028	200028	200028	200028	200028
200028	200028	200028	200028	200028	200028
200028	200028	200028	200028	200028	200028
200028	200028	200028	200028	200028	200028
200028	200028	200028	200028	206120	200028
200028	200028	200028	200028	200028	200028
200028	200028	200028	200028	200028	200028
200028	200028	200028	200028	200028	200028
200028	200028	200028	200028	200028	200028
200028	200028	200028	200028	200028	200028
200028	200028	200028	200028	200028	200028
200028	200028	200028	200028	200028	200028
200028	200028	200028	200028	200028	200028
200028	200028	200028	200028	200028	200028
200028	200028	200028	200028	200028	200028
200028	200028	200028	200028	200028	200028
200028	200028	200028	200028	200028	200028
200028	200028	200028	200028	200028	200028
200028	200028	200028	200028	200028	200028
200028	200028	200028	200028	200028	200028
200028	200028	200028	200028	200028	200028
200028	200028	200028	200028	200028	200028
200028	200028	200028	200028	200028	200028
200028	200028	200028	200028	200028	200028
200028	200028	200028	200028	200028	200028
200028	200028	200028	200028	200028	200028
200028	200028	200028	200028	200028	200028
200028	200028	200028	200028	200028	200028
200028	200028	200028	200028	200028	200028
200028	200028	200028	200028	200028	200028
200028	200028	200028	200028	200028	200028
200028	200028	200028	200028	200028	200028
200028	200028	200028	200028	200028	200028
200028	200028	200028	200028	200028	200028
200028	200028	200028	200028	200028	200028
200028	200028	200028	200028	200028	200028
200028	200028	200028	200028	200028	200028
200028	200028	200028	200028	200028	200028
200028	200028	200028	200028	200028	200028
200028	200028	200028	200028	200028	200028
200028	200028	200028	200028	200028	200028
200028	200028	200028	200028	200028	200028
200028	200028	200028	200028	200028	200028
200028	200028	200028	200028	200028	200028
200028	200028	200028	200028	200028	200028
200028	200028	200028	200028	200028	200028
200028	200028	200028	200028	200028	200028
200028	200028	200028	200028	200028	200028
200028	200028	200028	200028	200028	200028
200028	200028	200028	200028	200028	200028
200028	200028	200028	200028	200028	200028
200028	200028	200028	200028	200028	200028
200028	200028	200028	200028	200028	200028
200028	200028	200028	200028	200028	200028
200028	200028	200028	206976	200028	200028
200028	200028	200028	200028	200028	200028
200028	200028	200028	200028	200028	200028
200028	200028	200028	200028	200028	200028
200028	200028	200028	200028	200028	200028
200028	200028	200028	200028	200028	200028
200028	200028	200028	200028	200028	200028
200028	200028	200028	200028	200028	200028
200028	200028	200028	200028	200028	200028
200028	200028	200028	200028	200028	200028
200028	200028	200028	200028	200028	200028
200028	200028	200028	200028	200028	200028
200028	200028	200028	200028	200028	200028
200028	200028	200028	200028	200028	200028
200028	200028	200028	200028	200028	200028
200028	200028	200028	200028	200028	200028
200028	200028	200028	200028	200028	200028
200028	200028	200028	200028	200028	200028
200028	200028	200028	200028	200028	200028
200028	200028	200028	200028	200028	200028
200028	200028	200028	200028	200028	200028
200028	200028	200028	200028	200028	200028
200028	200028	200028	200028	200028	200028
200028	200028	200028	200028	200028	200028
200028	200028	200028	200028	200028	200028
200028	200028	200028	200028	200028	200028
200028	200028	200028	200028	200028	200028
200028	200028	200028	200028	200028	200028
200028	200028	206404	200028	200028	200028
200028	200028	200028	200028	200028	200028
200028	200028	200028	200028	200028	200028
200028	200028	200028	200028	200028	200028
200028	200028	200028	200028	200028	200028
200028	200028	200028	200028	200028	200028
200028	200028	200028	200028	200028	200028
200028	200028	200028	200028	200028	200028
200028	200028	200028	200028	200028	200028
200028	200028	200028	200028	200028	200028
206072	200028	200028	200028	200028	200028
200028	200028	200028	200028	200028	200028
200028	200028	200028	200028	200028	200028
200028	200028	200028	200028	200028	209452
200028	200028	200028	200028	200028	200028
200028	200028	200028	200028	200028	200028
200028	200028	200028	200028	200028	200028
200028	200028	200028	200028	200028	200028
200028	200028	200028	200028	200028	200028
200028	200028	200028	200028	200028	200028
200028	200028	200028	200028	200028	200028
200028	200028	200028	200028	200028	200028
200028	200028	200028	200028	200028	200028
200028	200028	200028	200028	200028	200028
200028	200028	200028	200028	200028	200028
200028	200028	200028	200028	200028	200028
200028	200028	200028	200028	200028	200028
200028	200028	200028	200028	200028	200028
200028	206184	200028	200028	200028	200028
200028	200028	200028	200028	200028	200028
200028	200028	200028	200028	200028	200028
200028	200028	200028	200028	200028	200028
200028	200028	200028	200028	200028	200028
200028	200028	200028	200028	200028	200028
200028	200028	200028	200028	200028	200028
200028	200028	200028	200028	200028	200028
200028	200028	200028	200028	200028	200028
200028	200028	200028	200028	200028	200028
200028	200028	200028	200028	200028	200028
200028	200028	200028	200028	200028	200028
200028	200028	200028	200028	200028	200028
200028	200028	200028	200028	200028	200028
200028	200028	200028	200028	206360	200028
200028	200028	200028	200028	200028	200028
200028	200028	200028	200028	200028	200028
200028	200028	200028	200028	200028	200028
200028	200028	200028	200028	200028	200028
200028	200028	200028	200028	200028	200028
200028	200028	200028	200028	200028	200028
200028	200028	200028	200028	200028	200028
200028	200028	200028	200028	200028	200028
200028	200028	200028	200028	200028	200028
200028	200028	200028	200028	200028	200028
200028	200028	200028	200028	200028	200028
200028	200028	200028	200028	200028	200028
200028	200028	200028	200028	200028	200028
200028	200028	200028	200028	200028	200028
200028	200028	200028	200028	200028	200028
200028	200028	200028	200028	200028	200028
200028	200028	200028	200028	200028	200028
200028	200028	200028	200028	200028	200028
200028	200028	200028	200028	200028	200028
200028	200028	200028	200028	200028	200028
200028	200028	200028	200028	200028	200028
200028	200028	200028	200028	200028	200028
200028	200028	200028	200028	200028	200028
200028	200028	200028	200028	200028	200028
200028	200028	200028	200028	200028	200028
200028	200028	200028	200028	200028	200028
200028	200028	200028	200028	200028	200028
200028	200028	200028	200028	200028	200028
200028	200028	200028	200028	200028	200028
200028	200028	200028	200028	200028	200028
200028	200028	200028	200028	200028	200028
200028	200028	200028	200028	200028	200028
200028	200028	200028	200028	200028	200028
200028	200028	200028	200028	200028	200028
200028	200028	200028	200028	200028	200028
200028	200028	200028	200028	200028	200028
200028	200028	200028	200028	200028	200028
200028	200028	200028	200028	200028	200028
200028	200028	200028	200028	200028	200028
200028	200028	200028	200028	200028	200028
200028	200028	200028	200028	200028	200028
200028	200028	200028	200028	200028	200028
200028	200028	200028	200028	200028	200028
200028	200028	200028	200028	200028	200028
200028	200028	200028	200028	200028	200028
200028	200028	200028	200028	200028	200028
200028	200028	200028	200028	200028	200028
200028	200028	200028	200028	200028	200028
200028	200028	200028	206708	200028	200028
200028	200028	200028	200028	200028	200028
200028	200028	200028	200028	200028	200028
200028	200028	200028	200028	200028	200028
200028	200028	200028	200028	200028	200028
200028	200028	200028	200028	200028	200028
200028	200028	200028	200028	200028	200028
200028	200028	200028	200028	200028	200028
200028	200028	200028	200028	200028	200028
200028	200028	200028	200028	200028	200028
200028	200028	200028	200028	200028	200028
200028	200028	200028	200028	200028	200028
200028	200028	200028	200028	200028	200028
200028	200028	200028	200028	200028	200028
200028	200028	200028	200028	200028	200028
200028	200028	200028	200028	200028	200028
200028	200028	200028	200028	200028	200028
200028	200028	200028	200028	200028	200028
200028	200028	200028	200028	200028	200028
200028	200028	200028	200028	200028	200028
200028	200028	200028	200028	200028	200028
200028	200028	200028	200028	200028	200028
200028	200028	200028	200028	200028	200028
200028	200028	200028	200028	200028	200028
200028	200028	200028	200028	200028	200028
200028	200028	200028	200028	200028	200028
200028	200028	200028	200028	200028	200028
200028	200028	200028	200028	200028	200028
200028	200028	200028	200028	200028	200028
200028	200028	206264	200028	200028	200028
200028	200028	200032	200028	200028	200028
200028	200028	200028	200028	200028	200028
200028	200028	200028	200028	200028	200028
200028	200028	200028	200028	200028	200028
200028	200028	200028	200028	200028	200028
200028	200028	200028	200028	200028	200028
200028	200028	200028	200028	200028	200028
200028	200028	200028	200028	200028	200028
200028	200028	200028	200028	200028	200028
206092	200028	200028	200028	200028	200028
200028	200028	200028	200028	200028	200028
200028	200028	200028	200028	200028	1468972
200028	200028	200028	200028	200028	200052
200028	200028	200028	200028	200028	200028
200028	200028	200028	200028	200028	200028
200028	200028	200028	200028	200028	200028
200028	200028	200028	200028	200028	200028
200028	200028	200028	200028	200028	200028
200028	200028	200028	200028	200028	200028
200028	200028	200028	200028	200028	200028
200028	200028	200028	200028	200028	200028
200028	200028	200028	200028	200028	200028
200028	200028	200028	200028	200028	200028
200028	200028	200028	200028	200028	200028
200028	200028	200028	200028	200028	200028
200028	200028	200028	200028	200028	200028
200028	206112	200028	200028	200028	200028
200028	200028	200028	200028	200028	200028
200028	200028	200028	200028	200028	200028
200028	200028	200028	200028	200028	200028
200028	200028	200028	200028	200028	200028
200028	200028	200028	200028	200028	200028
200028	200028	200028	200028	200028	200028
200028	200028	200028	200028	200028	200028
200028	200028	200028	200028	200028	200028
200028	200028	200028	200028	200028	200028
200028	200028	200028	200028	200028	200028
200028	200028	200028	200028	200028	200028
200028	200028	200028	200028	200028	200028
200028	200028	200028	200028	200028	200028
200028	200028	200028	200028	206104	200028
200028	200028	200028	200028	200032	200028
200028	200028	200028	200028	200028	200028
200028	200028	200028	200028	200028	200028
200028	200028	200028	200028	200028	200028
200028	200028	200028	200028	200028	200028
200028	200028	200028	200028	200028	200028
200028	200028	200028	200028	200028	200028
200028	200028	200028	200028	200028	200028
200028	200028	200028	200028	200028	200028
200028	200028	200028	200028	200028	200028
200028	200028	200028	200028	200028	200028
200028	200028	200028	200028	200028	200028
200028	200028	200028	200028	200028	200028
200028	200028	200028	200028	200028	200028
200028	200028	200028	200028	200028	200028
200028	200028	200028	200028	200028	200028
200028	200028	200028	200028	200028	200028
200028	200028	200028	200028	200028	200028
200028	200028	200028	200028	200028	200028
200028	200028	200028	200028	200028	200028
200028	200028	200028	200028	200028	200028
200028	200028	200028	200028	200028	200028
200028	200028	200028	200028	200028	200028
200028	200028	200028	200028	200028	200028
200028	200028	200028	200028	200028	200028
200028	200028	200028	200028	200028	200028
200028	200028	200028	200028	200028	200028
200028	200028	200028	200028	200028	200028
200028	200028	200028	200028	200028	200028
200028	200028	200028	200028	200028	200028
200028	200028	200028	200028	200028	200028
200028	200028	200028	200028	200028	200028
200028	200028	200028	200028	200028	200028
200028	200028	200028	200028	200028	200028
200028	200028	200028	200028	200028	200028
200028	200028	200028	200028	200028	200028
200028	200028	200028	200028	200028	200028
200028	200028	200028	200028	200028	200028
200028	200028	200028	200028	200028	200028
200028	200028	200028	200028	200028	200028
200028	200028	200028	200028	200028	200028
200028	200028	200028	200028	200028	200028
200028	200028	200028	200028	200028	200028
200028	200028	200028	200028	200028	200028
200028	200028	200028	200028	200028	200028
200028	200028	200028	200028	200028	200028
200028	200028	200028	200028	200028	200028
200028	200028	200028	200028	200028	200028
200028	200028	200028	200028	200028	200028
200028	200028	200028	206508	200028	200028
200028	200028	200028	200028	200028	200028
200028	200028	200028	200028	200028	200028
200028	200028	200028	200028	200028	200028
200028	200028	200028	200028	200028	200028
200028	200028	200028	200028	200028	200028
200028	200028	200028	200028	200028	200028
200028	200028	200028	200028	200028	200028
200028	200028	200028	200028	200028	200028
200028	200028	200028	200028	200028	200028
200028	200028	200028	200028	200028	200028
200028	200028	200028	200028	200028	200028
200028	200028	200028	200028	200028	200028
200028	200028	200028	200028	200028	200028
200028	200028	200028	200028	200028	200028
200028	200028	200028	200028	200028	200028
200028	200028	200028	200028	200028	200028
200028	200028	200028	200028	200028	200028
200028	200028	200028	200028	200028	200028
200028	200028	200028	200028	200028	200028
200028	200028	200028	200028	200028	200028
200028	200028	200028	200028	200028	200028
200028	200028	200028	200028	200028	200028
200028	200028	200028	200028	200028	200028
200028	200028	200028	200028	200028	200028
200028	200028	200028	200028	200028	200028
200028	200028	236780	200028	200028	200028
200028	200028	200032	200028	200028	200028
200028	200028	207548	200028	200028	200028
200028	200028	235100	200028	200028	200028
200128	200028	200032	200028	200028	203820
200028	200028	200028	200028	200028	200028
200028	200028	200028	200028	200028	200028
200028	200028	200028	200028	200028	200028
200028	200028	200028	200028	200028	200028
200028	200028	200028	200028	200028	213432
200028	200028	200028	200028	200028	200060
200028	200028	200028	200028	200028	200028
200028	200028	200028	200028	200028	200028
206176	200028	200028	200028	200028	200028
200032	200028	200028	200028	200028	200028
200028	200028	200028	200028	200028	200028
200028	200028	200028	200028	200028	200028
200028	200028	200028	200028	200028	200028
200028	200028	200028	200028	200028	200028
200028	200028	200028	200028	200028	200028
200028	200028	200028	200028	200028	200028
200028	200028	200028	200028	200028	200028
200028	200028	200028	200028	200028	200028
200028	200028	200028	200028	200028	200028
200028	200028	200028	200028	200028	200028
200028	200028	200028	200028	200028	200028
200028	200028	200028	200028	200028	200028
200028	200028	200028	200028	200028	200028
200028	200028	200028	200028	200028	200028
200028	200028	200028	200028	200028	200028
200028	206232	200028	200028	200028	200028
200028	200032	200028	200028	200028	200028
200028	200028	200028	200028	200028	200028
200028	200028	200028	200028	200028	200028
200028	200028	200028	200028	200028	200028
200028	200028	200028	200028	200028	200028
200028	200028	200028	200028	200028	200028
200028	200028	200028	200028	200028	200028
200028	200028	200028	200028	200028	200028
200028	200028	200028	200028	200028	200028
200028	200028	200028	200028	200028	200028
200028	200028	200028	200028	200028	200028
200028	200028	200028	200028	200028	200028
200028	200028	200028	200028	200028	200028
200028	200028	200028	200028	206164	200028
200028	200028	200028	200028	200032	200028
200028	200028	200028	200028	200028	200028
200028	200028	200028	200028	200028	200028
200028	200028	200028	200028	200028	200028
200028	200028	200028	200028	200028	200028
200028	200028	200028	200028	200028	200028
200028	200028	200028	200028	200028	200028
200028	200028	200028	200028	200028	200028
200028	200028	200028	200028	200028	200028
200028	200028	200028	200028	200028	200028
200028	200028	200028	200028	200028	200028
200028	200028	200028	200028	200028	200028
200028	200028	200028	200028	200028	200028
200028	200028	200028	200028	200028	200028
200028	200028	200028	200028	200028	200028
200028	200028	200028	200028	200028	200028
200028	200028	200028	200028	200028	200028
200028	200028	200028	200028	200028	200028
200028	200028	200028	200028	200028	200028
200028	200028	200028	200028	200028	200028
200028	200028	200028	200028	200028	200028
200028	200028	200028	200028	200028	200028
200028	200028	200028	200028	200028	200028
200028	200028	200028	200028	200028	200028
200028	200028	200028	200028	200028	200028
200028	200028	200028	200028	200028	200028
200028	200028	200028	200028	200028	200028
200028	200028	200028	200028	200028	200028
200028	200028	200028	200028	200028	200028
200028	200028	200028	200028	200028	200028
200028	200028	200028	200028	200028	200028
200028	200028	200028	200028	200028	200028
200028	200028	200028	200028	200028	200028
200028	200028	200028	200028	200028	200028
200028	200028	200028	200028	200028	200028
200028	200028	200028	200028	200028	200028
200028	200028	200028	200028	200028	200028
200028	200028	200028	200028	200028	200028
200028	200028	200028	200028	200028	200028
200028	200028	200028	200028	200028	200028
200028	200028	200028	200028	200028	200028
200028	200028	200028	200028	200028	200028
200028	200028	200028	200028	200028	200028
200028	200028	200028	200028	200028	200028
200028	200028	200028	200028	200028	200028
200028	200028	200028	200028	200028	200028
200028	200028	200028	200028	200028	200028
200028	200028	200028	200028	200028	200028
200028	200028	200028	211548	200028	200028
200028	200028	200028	200028	200028	200028
200028	200028	200028	200028	200028	200028
200028	200028	200028	200028	200028	200028
200028	200028	200028	200028	200028	200028
200028	200028	200028	200028	200028	200028
200028	200028	200028	200028	200028	200028
200028	200028	200028	200028	200028	200028
200028	200028	200028	200028	200028	200028
200028	200028	200028	200028	200028	200028
200028	200028	200028	200028	200028	200028
200028	200028	200028	200028	200028	200028
200028	200028	200028	200028	200028	200028
200028	200028	200028	200028	200028	200028
200028	200028	200028	200028	200028	200028
200028	200028	200028	200028	200028	200028
200028	200028	200028	203192	200028	200028
200028	200028	200028	200032	200028	200028
200028	200028	200028	200028	200028	200028
200028	200028	200028	200028	200028	200028
200028	200028	200028	200028	200028	200028
200028	200028	200028	200028	200028	200028
200028	200028	200028	200028	200028	200028
200028	200028	200028	200028	200028	200028
200028	200028	200028	200028	200028	200028

