User_cpu_0	User_cpu_1	User_cpu_2	User_cpu_3	User_cpu_4	User_cpu_5
200064	200060	200060	200060	200056	200060
200056	200056	200060	200060	200048	200056
200056	200052	200056	200064	200056	200064
200060	200056	200060	200056	200052	200052
200060	200056	200060	205956	200048	200056
200056	200056	200056	200056	200052	200056
200060	200052	200056	200060	200052	200056
200056	200056	200060	200060	200052	200052
200056	200056	200056	200056	200052	200056
200060	200056	200060	200056	200052	200056
200060	200052	200060	200060	200052	200056
200056	200056	200056	200056	200048	200052
200060	200056	200056	200060	200052	200056
200056	200056	200060	200060	200052	200056
200056	200052	200056	200056	200052	200056
200060	200056	200060	200056	200052	200052
200060	200056	200060	200060	200048	200056
200056	200056	200056	200056	200052	200056
200060	200052	200056	200060	200052	200056
200056	200056	200060	200060	200052	200052
200056	200056	200056	200056	200052	200056
200060	200056	200060	200056	200052	200056
200060	200052	200060	200060	200052	200056
200056	200056	200056	200056	200052	200052
200060	200056	200056	200060	200048	206500
200056	200056	200060	200060	200052	200056
200056	200052	200056	200056	200052	200052
200060	200056	200060	200056	200052	200056
200060	200056	200060	200060	200052	200056
200056	200056	200056	200056	200052	200056
200060	200052	200056	200060	200052	200052
200056	200056	200060	200060	200048	200056
200056	200056	200056	200056	200052	200056
200060	200056	200060	200056	200052	200056
200060	200052	200060	200060	200052	200052
200056	200056	200056	200056	200052	200056
200060	200056	200056	200060	200048	200056
200056	200056	200060	200060	200052	200056
200056	200052	200056	200056	200052	200056
200060	200056	200060	200056	200052	200052
200060	200056	200060	200060	200052	200056
200056	200056	200056	200056	200052	200056
200060	200052	200056	200060	200052	200056
200056	200056	200060	200060	200052	200052
200056	200056	200056	200056	200048	200056
200060	200056	200060	200056	200052	200056
200060	200052	200060	200060	200052	200056
200056	200056	200056	200056	200052	200052
200060	200056	200056	200060	200052	200056
200056	200056	200060	200060	200052	200056
200056	200052	200056	200056	200052	200056
200060	200056	200060	200056	200048	200052
200060	200056	200060	200060	200052	200056
200056	200056	200056	200056	200052	200056
200060	200052	200056	200060	200052	200056
200056	200056	200060	200060	200052	200052
200056	200056	200056	200056	200048	200056
200060	200056	200060	200056	200052	200056
200060	200052	200060	200060	200052	200056
200056	200056	200056	200056	200052	200052
200060	200056	200056	200060	200052	200056
200056	200056	200060	200060	200052	200056
200056	200052	200056	200056	200052	200056
200060	200056	200060	200056	200052	200052
200060	200056	200060	200060	200048	200056
200056	200056	200056	200056	200052	200056
200060	200052	200056	200060	200052	200056
200056	200056	200060	200060	200052	200052
200056	206192	200056	200056	200052	200056
200060	200052	200060	200056	200052	200056
200060	200056	200060	200060	200052	200056
200056	200056	200056	200056	200048	200052
200060	200052	200056	200060	200052	200056
200056	200056	200060	200060	200052	200056
200056	200056	200056	200056	200052	200056
200060	200056	200060	200056	200052	200052
200060	200052	200060	200060	200048	200056
200056	200060	200056	200056	200052	200056
200060	200052	200056	200060	200052	200056
200056	200052	200060	200060	200052	200052
200056	200060	200056	200056	200052	200056
200060	200052	200060	200056	200052	200056
200060	200056	200060	200060	200052	200056
200056	200056	200056	200056	200052	200052
200060	200052	200056	200060	200048	200056
200056	200064	200060	200060	200052	200056
200056	200052	200056	200056	200052	200056
200060	200056	200060	200056	200052	200052
200060	200056	200060	200060	200052	200056
200056	200056	200056	200056	205740	200056
200060	200052	200056	200060	200052	200056
200056	200056	200060	200060	200052	200052
200056	200056	200056	200056	200052	200056
200060	200064	200060	200056	200052	200056
205852	200056	200060	200060	200052	200056
200056	200052	200056	200056	200052	200052
200056	200056	200056	200060	200052	200056
200056	200056	200060	200060	200056	200056
200060	200056	200056	200056	200052	200056
200060	200052	200060	200056	200052	200052
200056	200056	200060	200060	200052	200056
200060	200068	200056	200056	200052	200056
200056	200056	200056	200060	200048	200056
200056	200052	200060	200060	200052	200052
200060	200056	200056	200056	200052	200056
200060	200056	200060	200056	200060	200056
200056	200056	200060	200060	200048	200056
200060	200052	200056	200056	200052	200052
200056	200060	200056	200060	200052	200056
200056	200052	200060	200060	200052	200056
200060	200052	200056	200056	200052	200056
200060	200060	200060	200056	200052	200052
200056	200052	200060	200060	200052	200056
200060	200056	200056	200056	200052	200056
200056	200056	200056	200060	200048	200056
200056	200052	200060	200060	200052	200052
200060	200056	205864	200056	200052	200056
200060	200056	200060	200056	200052	200056
200056	200056	200056	200060	200052	200056
200060	200052	200060	200056	200052	200052
200056	200056	200060	200060	200052	200056
200056	200056	200056	200060	200056	200056
200060	200056	200056	200056	200052	200056
200060	200052	200060	200056	200052	200052
200056	200060	200056	205976	200052	200056
200060	200052	200060	200060	200052	200060
200056	200052	200060	200060	200048	200056
200056	200060	200056	200056	200052	200052
200060	200052	200056	200060	200052	200056
200060	200056	200060	200056	200060	200056
200056	200056	200056	200056	200048	200056
200060	200052	200060	200060	200052	200052
200056	200056	200060	200060	200052	200056
200056	200056	200056	200056	200052	200064
200060	200056	200056	200060	200052	200056
200060	200052	200060	200056	200052	200056
200056	200060	200056	200056	200052	200052
200060	200052	200060	200060	200060	200056
200056	200052	200060	200060	200048	200056
200056	200060	200056	200056	200052	200056
200060	200052	200056	200060	200052	200052
200060	200056	200060	200056	200052	200064
200056	200056	200056	200056	200052	200056
200060	200052	200060	200060	200052	200056
200056	200056	200060	200060	200052	205956
200056	200056	200056	200056	200056	200056
200060	200056	200056	200060	200052	200056
200060	200052	200060	200056	200052	200052
200056	200060	200056	200056	200052	200056
200060	200052	200060	200060	200052	200064
200056	200052	200060	200060	200052	200056
200056	200060	200056	200056	200052	200056
200060	200052	200056	200060	200048	200052
200060	200056	200060	200056	200060	200056
200056	200056	200056	200056	200052	200056
200060	200052	200060	200060	200052	200056
200056	200056	200060	200060	200052	200052
200056	200056	200056	200056	200048	200064
200060	200056	200056	200060	200052	200056
200060	200052	200060	200056	200052	200056
200056	200056	200056	200056	200052	200056
200060	200056	200060	200060	200060	200052
200056	200056	200060	200060	200052	200056
200056	200052	200056	200056	200052	200056
230452	200060	200056	200060	200048	200056
200288	200052	200060	200056	200052	200060
200060	200052	200056	200056	200052	200056
200056	200060	200060	200060	200052	200056
200060	200052	200060	200060	200052	200056
200060	200056	200056	200056	200056	200056
200056	200056	200056	200060	200052	200052
200056	200052	200060	200056	200052	200056
200060	200056	200056	200056	200052	200056
200056	200056	200060	200060	200052	200064
200060	200056	200060	200060	200052	200056
200060	200052	200056	200056	200052	200052
200056	200056	200056	200060	200048	200056
200056	200056	200060	200056	200060	200056
200060	200056	200056	200056	200052	200056
200060	200052	200060	200060	200052	200052
200056	200060	200060	200060	200052	200056
200060	200052	200056	200056	200052	200064
200056	200052	200056	200060	200052	200056
200056	200060	200060	200056	200048	200056
200060	200052	200056	200056	200052	200052
200060	200056	200060	200060	200060	200056
200056	200056	200060	200060	200052	200056
200060	200052	200056	200056	200052	200056
200056	206192	200056	200060	200052	200052
200056	200056	200060	200056	200052	200064
200060	200052	200056	200056	200052	200056
200060	200056	200060	200060	200048	200056
200056	200056	200060	200060	200052	200056
200060	200056	200056	200056	200060	200052
200056	200052	200056	200060	200052	200056
200056	200056	200060	200056	200048	200056
200060	200056	200056	200056	200052	200056
200060	200064	200060	200060	200052	200060
200056	200056	200060	200060	200052	200056
200060	200052	200056	200056	200052	200056
200056	200056	200056	200060	200056	200056
200056	200056	200060	200056	200056	200056
200060	200056	200056	200056	200056	200052
200060	200052	200060	200060	200056	200056
200056	200056	200060	200060	200056	200056
200060	200056	200056	200056	200052	200064
200056	200052	200056	200060	200056	200056
200056	200056	200060	200056	200056	200052
200060	200056	200056	200056	205688	200056
200060	200052	200060	200060	200060	200056
200056	200056	200060	200060	200056	200056
200060	200056	200056	200056	200056	200052
200056	200056	200056	200060	200056	200056
200056	200052	200060	200056	200052	200064
205152	200056	200056	200056	200056	200056
200056	200056	200060	200060	200056	200056
200060	200056	200060	200060	200056	200052
200056	200052	200056	200056	200052	200056
200060	200056	200056	200060	200056	200056
200056	200056	200060	200056	200056	200056
200056	200056	200056	200056	200056	200052
200060	200052	200060	200060	200052	200064
200060	200056	200060	200060	200056	200056
200056	200056	200056	200056	200056	200056
200060	200056	200056	200060	200056	200056
200056	200052	200060	200056	200060	200052
200060	200056	200056	200056	200056	200056
200060	200056	200060	200060	200052	200056
200056	200056	200060	200060	200056	200056
200056	200052	200056	200056	200056	200060
200060	200056	200056	200060	200056	200056
200056	200056	200060	200056	200052	200056
200060	200056	200056	200056	200056	200056
200060	200052	200060	200060	200056	200056
200056	200056	200060	200060	200056	200052
200056	200056	200056	200056	200052	200056
200060	200056	205864	200060	200056	200056
200056	200064	200056	200056	200056	200064
200060	200056	200060	200056	200056	200056
200060	200056	200056	200060	200052	200052
200056	200052	200060	200060	200056	200056
200056	200056	200056	200056	200064	200056
200060	200056	200056	200060	200056	200056
200056	200056	200060	200056	200056	200052
200060	200052	200060	220940	200052	200056
200060	200056	200056	200052	200056	200064
200056	200056	200060	200056	200056	200056
200056	200056	200056	200052	200056	200056
200060	200052	200056	200056	200052	200052
200056	200056	200060	200056	200056	200056
200060	200056	200060	200056	200056	200056
200060	200056	200056	200052	200056	200056
200056	200052	200060	200056	200052	200052
200056	200068	200056	200056	200056	200056
200060	200052	200056	200056	200056	200056
200056	200056	200060	200052	200056	200056
200060	200056	200060	200060	200052	200052
200060	200052	200056	200052	200064	200056
200056	200056	200060	200056	200056	200056
200056	200056	200056	200056	200056	200056
200060	200056	200056	200052	200056	200052
200056	200052	200060	200056	200052	200064
200060	200056	200060	200056	200056	200056
200060	200056	200056	200056	200056	200056
200056	200056	200060	200052	200056	205820
200056	200052	200056	200060	200052	200056
200060	200056	200056	200052	200056	200056
200056	200056	200060	200052	200056	200056
200060	200056	200060	200060	200056	200052
200060	200064	200056	200052	200052	200056
200056	200052	200060	200056	200056	200056
200056	200056	200056	200056	200056	200056
200060	200056	200056	200052	200056	200052
200056	200056	200060	200056	200052	200056
200060	200052	200060	200056	200056	200056
200060	200056	200056	200056	200056	200056
200056	200056	200060	200052	200056	200052
200056	200056	200056	200060	200052	200064
200060	200052	200056	200052	200056	200052
200056	200056	200060	200052	200056	200056
200060	200056	200060	200060	200056	200056
200060	200056	200056	200052	200052	200056
200056	200052	200060	200056	200056	200052
200056	200056	200056	200056	200056	200056
200060	200056	200056	200052	200056	200056
200056	200056	200060	200056	200052	200056
200060	200052	200060	200056	200056	200052
200060	200056	200056	200056	200056	200056
200056	200056	200060	200052	200056	200056
200056	200056	200056	200060	200068	200056
200060	200052	200056	200052	200056	200052
200056	200056	200060	200052	200052	200056
200060	200056	200060	200060	200056	200056
200060	200056	200056	200052	200056	200064
200056	200052	200060	200056	200056	200056
200056	200056	200056	200056	200052	200052
200060	200056	200056	200052	200056	200056
200056	200056	200060	200056	200056	200056
200060	200052	200060	200056	200056	200056
200060	200056	200056	200056	200052	200052
200056	200056	200060	200052	200056	200056
200056	200056	200056	200060	200056	200056
200060	200052	200056	200052	200056	200056
200056	200056	200060	200052	200052	200052
200060	200056	200060	200060	200056	200056
200060	200056	200056	200052	200056	200056
200056	200052	200060	200056	200056	200056
200056	206460	200056	200056	200052	200052
200060	200052	200056	200052	200056	200056
200056	200056	200060	200056	200056	200056
200060	200056	200060	200056	200056	200056
200060	200056	200056	200056	200052	200052
200056	200052	200060	200052	200056	200056
200056	200060	200056	200060	200056	200056
200060	200052	200056	200052	200056	200056
200056	200052	200060	200052	200052	200052
200060	200060	200060	200060	200056	200056
200060	200052	200056	200052	200056	200056
200056	200056	200060	200056	200056	200056
200056	200056	200056	200056	200052	200052
200060	200052	200056	200052	200056	200056
200056	200056	200060	200056	200056	200056
200060	200056	200060	200056	200056	200056
200060	200056	200056	200056	200052	200052
200056	200052	200060	200052	200056	200056
200056	200060	200056	200060	200056	200056
200060	200052	200056	200052	200056	200056
200056	200052	200060	200052	200052	200052
200060	200060	200060	200060	205744	200056
200060	200052	200056	200052	200052	200056
200056	200056	200060	200056	200056	200056
200056	200056	200056	200056	200056	200052
200060	200052	200056	200052	200056	200056
205860	200056	200060	200056	200052	200056
200056	200056	200060	200056	200056	200056
200060	200056	200056	200056	200056	200052
200060	200052	200060	200052	200056	200056
200056	200060	200056	200060	200052	200056
200056	200052	200056	200052	200056	200056
200060	200052	200060	200052	200056	200052
200056	200060	200060	200060	200056	200056
200060	200052	200056	200052	200052	200056
200060	200056	200060	200056	200056	200056
200056	200056	200056	200056	200056	200052
200056	200052	200056	200052	200056	200056
200060	200056	200060	200056	200052	200056
200056	200056	200060	200056	200056	200056
200060	200056	200056	200056	200056	200052
200060	200052	200060	200052	200056	200056
200056	200060	200056	200060	200052	200056
200056	200052	200056	200052	200056	200056
200060	200052	200060	200052	200056	200052
200056	200060	200060	200060	200056	200056
200060	200052	200056	200052	200052	200056
200060	200056	200060	200056	200056	200056
200056	200056	205808	200056	200056	200052
200056	200052	200056	200052	200056	200056
200060	200056	200060	200056	200052	200056
200056	200056	200056	200056	200056	200056
200060	200056	200060	200056	200056	200052
200060	200052	200060	200052	200056	200056
200056	200060	200056	200060	200052	200056
200056	200052	200056	200052	200056	200056
200060	200052	200060	205996	200056	200052
200056	200060	200056	200052	200056	200056
200060	200052	200060	200056	200052	200056
200060	200056	200060	200056	200056	200056
200056	200056	200056	200056	200056	200052
200056	200052	200056	200052	200056	200056
200060	200056	200060	200060	200052	200056
200056	200056	200056	200052	200056	200056
200060	200056	200060	200052	200056	200052
200060	200052	200060	200060	200056	200056
200056	200060	200056	200052	200052	200056
200056	200052	200056	200056	200056	200056
200060	200052	200060	200056	200056	200052
200056	200060	200056	200052	200056	200056
200060	200052	200060	200056	200052	200056
200060	200056	200060	200056	200056	200056
200056	200056	200056	200056	200056	200052
200056	200052	200056	200052	200056	200056
200060	200056	200060	200060	200052	200056
200056	200056	200056	200052	200056	200056
200060	200056	200060	200052	200056	205716
200060	200052	200060	200060	200056	200056
200056	200060	200056	200052	200052	200056
200056	200052	200056	200056	200056	200056
200060	200052	200060	200056	200056	200052
200056	200060	200056	200052	200056	200056
200060	200052	200060	200056	200052	200056
200060	200056	200060	200056	200056	200056
200056	200056	200056	200056	200056	200052
200056	200052	200056	200052	200056	200056
200060	200056	200060	200060	200052	200056
200056	200056	200056	200052	200056	200056
200060	200056	200060	200052	200056	200052
200060	200052	200060	200060	200056	200056
200056	200060	200056	200052	200052	200056
200056	200052	200056	200056	200056	200056
200060	200052	200060	200056	200056	200052
200056	200060	200056	200052	200056	200056
200060	200052	200060	200056	200052	200056
200060	200056	200060	200056	200056	200056
200056	200056	200056	200056	200056	200052
200056	200052	200056	200052	200056	200056
200060	200056	200060	200060	200052	200056
200056	200056	200056	200052	200056	200056
200060	200056	200060	200052	200056	200052
200060	200052	200060	200060	200056	200056
200056	200060	200056	200052	200052	200056
200056	200052	200056	200056	200056	200056
200060	200052	200060	200056	200056	200052
200056	200060	200056	200052	200056	200056
200060	200052	200060	200056	200052	200056
200060	200056	200060	200056	200056	200056
200056	200056	200056	200056	200056	200052
200056	200052	200056	200052	200056	200056
200060	200056	200060	200060	200052	200056
200056	200056	200056	200052	200056	200056
200060	200056	200060	200052	200056	200052
200060	200052	200060	200060	200056	200056
200056	200060	200056	200052	200052	200056
200056	200052	200056	200056	200056	200056
200060	200052	200060	200056	200056	200052
200056	200060	200056	200052	200056	200056
200060	200052	200060	200056	200052	200056
200060	200056	200060	200056	200056	200056
200056	206176	200056	200056	200056	200052
200056	200052	200056	200052	200056	200056
200060	200056	200060	200060	200052	200056
200056	200056	200056	200052	200056	200056
200060	200056	200060	200052	200056	200052
200060	200052	200060	200060	200056	200056
200056	200060	200056	200052	200052	200056
200056	200052	200056	200056	200056	200056
200060	200052	200060	200056	200056	200052
200056	200060	200056	200052	200056	200056
200060	200052	200060	200056	200052	200056
200060	200056	200060	200056	200056	200056
200056	200056	200056	200056	200056	200052
200056	200052	200056	200052	200056	200056
200060	200056	200060	200060	200052	200056
200056	200056	200056	200052	200056	200056
200060	200056	200060	200052	200056	200052
200060	200052	200060	200060	200056	200056
200056	200060	200056	200052	200052	200056
200056	200052	200056	200056	200056	200056
200060	200052	200060	200056	200056	200052
200056	200060	200056	200052	205768	200056
200060	200052	200060	200056	200056	200056
200060	200056	200060	200056	200056	200056
200056	200056	200056	200056	200056	200052
200056	200052	200056	200052	200052	200056
205796	200056	200060	200060	200056	200056
200056	200056	200056	200052	200056	200056
200060	200056	200060	200052	200056	200052
200056	200052	200060	200060	200052	200056
200060	200060	200056	200052	200056	200056
200060	200052	200056	200056	200056	200056
200056	200052	200060	200056	200056	200052
200056	200060	200056	200052	200052	200056
200060	200052	200060	200056	200056	200056
200056	200056	200060	200056	200056	200056
200060	200056	200056	200056	200056	200052
200060	200052	200056	200052	200052	200056
200056	200056	200060	200060	200056	200056
200056	200056	200056	200052	200056	200056
200060	200056	200060	200052	200056	200052
200056	200052	200060	200060	200052	200056
200060	200060	200056	200052	200056	200056
200060	200052	200056	200056	200056	200056
200056	200052	200060	200056	200056	200052
200056	200060	200056	200052	200052	200056
200060	200052	200060	200056	200056	200056
200056	200056	200060	200056	200056	200056
200060	200056	205844	200056	200056	200052
200060	200052	200060	200052	200052	200056
200056	200056	200056	200060	200056	200056
200056	200056	200060	200052	200056	200056
200060	200056	200060	200052	200056	200052
200056	200052	200056	200060	200052	200056
200060	200060	200056	200052	200056	200056
200060	200052	200060	200056	200056	200056
200056	200052	200056	205900	200056	200052
200056	200060	200060	200056	200052	200056
200060	200052	200060	200052	200056	200056
200056	200056	200056	200056	200056	200056
200060	200056	200056	200056	200056	200052
200060	200052	200060	200056	200052	200056
200056	200056	200056	200052	200056	200056
200056	200056	200060	200056	200056	200056
200060	200056	200060	200056	200056	200052
200056	200052	200056	200056	200052	200056
200060	200060	200056	200052	200056	200056
200060	200052	200060	200056	200056	200056
200056	200052	200056	200056	200056	200052
200056	200060	200060	200056	200052	200056
200060	200052	200060	200052	200056	200056
200056	200056	200056	200056	200056	200056
200060	200056	200056	200056	200056	200052
200060	200052	200060	200056	200052	200056
200056	200056	200056	200052	200056	200056
200056	200056	200060	200056	200056	200056
200060	200056	200060	200056	200056	205716
200056	200052	200056	200056	200052	200056
200060	200060	200056	200052	200056	200056
200060	200052	200060	200056	200056	200052
200056	200052	200056	200056	200056	200056
200056	200060	200060	200056	200052	200056
200060	200052	200060	200052	200056	200056
200056	200056	200056	200056	200056	200056
200060	200056	200056	200056	200056	200056
200060	200052	200060	200056	200052	200052
200056	200056	200056	200052	200056	200056
200056	200056	200060	200056	200056	200056
200060	200056	200060	200056	200056	200056
200056	200052	200056	200056	200052	200052
200060	200060	200056	200052	200056	200064
200060	200052	200060	200056	200056	200056
200056	200052	200056	200056	200056	200056
200056	200060	200060	200056	200052	200056
200060	200052	200060	200052	200060	200052
200056	200056	200056	200056	200056	200056
200060	200056	200056	200056	200056	200056
200060	200052	200060	200056	200052	200056
200056	200056	200056	200052	200056	200060
200056	200056	200060	200056	200056	200056
200060	200056	200060	200056	200056	200056
200056	200052	200056	200056	200052	200056
200060	200060	200056	200052	200064	200056
200060	200052	200060	200056	200056	200052
200056	200052	200056	200056	200056	200056
200056	200060	200060	200056	200056	200056
200060	200052	200060	200052	200052	200064
200056	200056	200056	200056	200056	200056
200060	200056	200056	200056	200056	200052
200060	200052	200060	200056	200056	200056
200056	200056	200056	200052	200060	200056
200056	200056	200060	200056	200056	200056
200060	200056	200060	200056	200056	200052
200056	200052	200056	200056	200056	200056
200060	200060	200056	200052	200056	200064
200060	200052	200060	200056	200052	200056
200056	200052	200056	200056	200056	200056
200056	200060	200060	200056	200056	200052
200060	200052	200060	200052	200064	200056
200056	206180	200056	200056	200056	200056
200060	200056	200056	200056	200052	200056
200060	200056	200060	200056	200056	200052
200056	200056	200056	200052	200056	200064
200056	200052	200060	200056	200056	200056
200060	200056	200060	200056	200052	200056
200056	200056	200056	200056	200056	200056
200060	200056	200056	200052	200064	200052
200060	200052	200060	200056	200056	200056
200056	200056	200056	200056	200056	200056
200056	200056	200060	200056	200052	200056
200060	200056	200060	200052	200056	200060
200056	200052	200056	200056	200056	200056
200060	200056	200056	200056	200056	200056
200060	200056	200060	200056	200052	200056
200056	200056	200056	200052	200064	200056
200056	200052	200060	200056	200056	200052
200060	200056	200060	200056	200056	200056
200056	200056	200056	200056	200056	200056
200060	200056	200056	200052	200052	200056
200060	200052	200060	200056	200056	200052
200056	200056	200056	200056	205728	200056
200056	200056	200060	200056	200056	200056
200060	200056	200060	200052	200064	200056
200056	200052	200056	200056	200052	200052
200060	200056	200056	200056	200056	200056
200060	200056	200060	200056	200056	200056
205828	200056	200056	200052	200056	200064
200060	200052	200060	200056	200052	200056
200056	200056	200060	200056	200056	200052
200056	200056	200056	200056	200056	200056
200060	200056	200056	200052	200064	200056
200056	200052	200060	200056	200056	200056
200060	200056	200056	200056	200052	200052
200060	200056	200060	200056	200056	200056
200056	200056	200060	200052	200056	200064
200056	200052	200056	200056	200056	200056
200060	200056	200056	200056	200052	200056
200056	200056	200060	200056	200056	200052
200060	200056	200056	200052	200056	200056
200060	200052	200060	200056	200056	200056
200056	200056	200060	200056	200052	200056
200056	200056	200056	200056	200056	200052
200060	200056	200056	200052	200056	200064
200056	200052	200060	200056	200056	200056
200060	200056	200056	200056	200052	200056
200060	200056	200060	200056	200056	200056
200056	200056	200060	200052	200056	200052
200056	200052	200056	200056	200056	200056
200060	200056	205864	200056	200052	200056
200056	200056	200056	200056	200056	200056
200060	200056	200060	200052	200056	200060
200060	200052	200056	200056	200056	200056
200056	200056	200060	200056	200052	200056
200056	200056	200056	200056	200056	200056
200060	200056	200056	200052	200056	200056
200056	200052	200060	205972	200056	200052
200060	200056	200060	200060	200052	200056
200060	200056	200056	200052	200056	200056
200056	200056	200060	200056	200056	200064
200056	200052	200056	200056	200056	200056
200060	200056	200056	200052	200052	200052
200056	200056	200060	200056	200056	200056
200060	200056	200060	200056	200056	200056
200060	200052	200056	200056	200056	200056
200056	200056	200060	200052	200052	200052
200056	200056	200056	200060	200056	200056
200060	200056	200056	200052	200056	200064
200056	200052	200060	200052	200056	200056
200060	200056	200060	200060	200052	200056
200060	200056	200056	200052	200056	200052
200056	200056	200060	200056	200056	200056
200056	200052	200056	200056	200056	200056
200060	200056	200056	200052	200052	200056
200056	200056	200060	200056	200056	200052
200060	200056	200060	200056	200056	200064
200060	200052	200056	200056	200056	205732
200056	200056	200060	200052	200052	200056
200056	200056	200056	200060	200056	200052
200060	200056	200056	200052	200056	200056
200056	200052	200060	200052	200056	200056
200060	200056	200060	200060	200052	200056
200060	200056	200056	200052	200056	200052
200056	200056	200060	200056	200056	200064
200056	200052	200056	200056	200056	200052
200060	200056	200056	200052	200052	200056
200056	200056	200060	200056	200056	200056
200060	200056	200060	200056	200056	200056
200060	200052	200056	200056	200056	200052
200056	200056	200060	200052	200052	200056
200056	200056	200056	200060	200056	200056
200060	200056	200056	200052	200056	200064
200056	200052	200060	200052	200056	200056
200060	200056	200060	200060	200052	200052
200060	200056	200056	200052	200056	200056
200056	200056	200060	200056	200056	200056
200056	200052	200056	200056	200056	200056
200060	200056	200056	200052	200052	200052
200056	200056	200060	200056	200056	200056
200060	200056	200060	200056	200056	200064
200060	200052	200056	200056	200056	200056
200056	200056	200060	200052	200052	200056
200056	200056	200056	200060	200056	200052
200060	200056	200056	200052	200056	200056
200056	200052	200060	200052	200056	200056
200060	200056	200060	200060	200052	200056
200060	200056	200056	200052	200056	200052
200056	200056	200060	200056	200056	200056
200056	200052	200056	200056	200056	200056
200060	200056	200056	200052	200052	200056
200056	200056	200060	200056	200056	200052
200060	200056	200060	200056	200056	200056
200060	200052	200056	200056	200056	200056
200056	200056	200060	200052	200052	200056
200056	200056	200056	200060	200056	200052
200060	200056	200056	200052	200056	200064
200056	200052	200060	200052	200056	200056
200060	200056	200060	200060	200052	200056
200060	200056	200056	200052	200056	200056
200056	200056	200060	200056	200056	200052
200056	206136	200056	200056	200056	200056
200060	200056	200056	200052	200052	200056
200056	200052	200060	200056	200056	200056
200060	200056	200060	200056	200056	200052
200060	200056	200056	200056	200056	200056
200056	200056	200060	200052	200052	200056
200056	200052	200056	200060	200056	200056
200060	200056	200056	200052	200056	200052
200056	200056	200060	200052	200056	200056
200060	200056	200060	200060	200052	200056
200060	200052	200056	200052	200056	200056
200056	200056	200060	200056	200056	200064
200056	200056	200056	200056	200056	200052
200060	200056	200056	200052	200052	200056
200056	200052	200060	200056	200056	200056
200060	200056	200060	200056	200056	200056
200060	200056	200056	200056	200056	200052
200056	200056	200060	200052	200052	200056
200056	200052	200056	200060	200056	200056
200060	200056	200056	200052	200056	200056
200056	200056	200060	200052	200056	200052
200060	200056	200060	200060	205760	200056
200060	200052	200056	200052	200056	200056
200056	200056	200060	200056	200056	200056
200056	200056	200056	200056	200056	200052
200060	200056	200056	200052	200056	200056
205816	200052	200060	200056	200052	200056
200056	200056	200060	200056	200056	200064
200056	200056	200056	200056	200056	200056
200060	200056	200060	200052	200056	200052
200060	200052	200056	200060	200052	200056
200056	200056	200056	200052	200056	200056
200060	200056	200060	200052	200056	200056
233004	200056	200060	200060	200056	200052
200104	200052	200056	200052	200052	200056
200060	200056	200060	200056	200056	200056
200056	200056	200056	200056	200056	200056
200056	200056	200056	200052	200056	200052
200060	200052	200060	200056	200052	200056
200056	200056	200060	200056	200056	200056
200060	200056	200056	200056	200056	200056
200060	200056	200060	200052	200056	200052
200056	200052	200056	200060	200052	200056
200056	200056	200056	200052	200056	200064
200060	200056	200060	200052	200056	200056
200060	200056	200060	200060	200056	200056
200056	200052	200056	200052	200052	200052
200060	200056	200060	200056	200056	200056
200056	200056	205868	200056	200056	200056
200056	200056	200056	200052	200056	200056
200060	200052	200056	200056	200052	200052
200060	200056	200056	200056	200056	200056
200056	200056	200060	200056	200056	200056
200060	200056	200060	200052	200056	200056
200056	200052	200056	200060	200052	200052
200056	200056	200060	200052	200056	200056
200060	200056	200056	205952	200056	200056
200060	200056	200056	200052	200056	200056
200056	210532	200060	200056	200052	200052
200060	200064	200060	200056	200056	200064
200056	200052	200056	200052	200056	200056
200056	200052	200060	200060	200056	200056
200060	200052	200056	200052	200052	200056
200060	200056	200056	200052	200056	200052
200056	200056	200060	200060	200056	200056
200060	200056	200060	200052	200056	200056
200056	200052	200056	200056	200052	200056
200056	200056	200060	200056	200056	200052
200060	200056	200056	200052	200056	200056
200060	200056	200056	200056	200056	200056
200056	200056	200060	200056	200052	200056
200060	200052	200060	200056	200056	200052
200056	200056	200056	200052	200056	200056
200056	200056	200060	200060	200056	200056
200060	200056	200056	200052	200052	200056
200060	200052	200056	200052	200056	200064
200056	200060	200060	200060	200056	205836
200060	200052	200060	200052	200056	200052
200056	200052	200056	200056	200052	200056
200056	200060	200060	200056	200056	200056
200060	200052	200056	200052	200056	200056
200060	200056	200056	200056	200056	200052
200056	200056	200060	200056	200052	200056
200060	200052	200060	200056	200056	200056
200056	200056	200056	200052	200056	200056
200056	200056	200060	200060	200056	200052
200060	200056	200056	200052	200052	200056
200060	200052	200056	200052	200056	200056
200056	200060	200060	200060	200056	200056
200060	200052	200060	200052	200056	200052
200056	200052	200056	200056	200052	200056
200056	200060	200060	200056	200056	200060
200060	200052	200056	200052	200056	200056
200060	200056	200056	200056	200056	200056
200056	200056	200060	200056	200052	200056
200060	200052	200060	200056	200056	200052
200056	200056	200056	200052	200056	200056
200056	200056	200060	200060	200056	200056
200060	200056	200056	200052	200052	200056
200060	200052	200056	200052	200056	200052
200056	200060	200060	200060	200056	200056
200060	200052	200060	200052	200056	200056
200056	200052	200056	200056	200052	200056
200056	200060	200060	200056	200056	200052
200060	200056	200056	200052	200056	200056
200060	200060	200056	200056	200056	200056
200056	200056	200060	200056	200052	200056
200060	200060	200060	200056	200056	200052
200056	200056	200056	200052	200056	200056
200056	200056	200060	200060	200056	200056
200060	200060	200056	200052	200052	200056
200060	200060	200056	200052	200056	200052
200056	200056	200060	200060	200056	200056
200060	200060	200060	200052	200056	200056
200056	200056	200056	200056	200052	200056
200056	200056	200060	200056	200056	200052
200060	200060	200056	200052	200056	200056
200060	200060	200056	200056	200056	200056
200056	200056	200060	200056	200052	200056
200060	200060	200060	200056	200056	200052
200056	210212	200056	200052	200056	200056
200056	200060	200060	200060	200056	200056
200060	200056	200056	200052	200052	200056
200060	200060	200056	200052	200056	200052
200056	200056	200060	200060	200056	200056
200060	200060	200060	200052	200056	200056
200056	200060	200056	200056	200052	200056
200056	200056	200060	200056	200056	200052
200060	200056	200056	200052	200056	200056
200060	200060	200056	200056	200056	200056
200056	200056	200060	200056	200052	200056
200060	200060	200060	200056	200056	200052
200056	200060	200056	200052	200056	200056
200056	200060	200060	200060	200056	200056
200060	200060	200056	200052	200052	200056
200060	200056	200056	200052	200056	200052
200056	200056	200060	200060	200056	200056
200060	200060	200060	200052	200056	200056
200056	200056	200056	200056	200052	200056
200056	200060	200060	200056	200056	200052
200060	200060	200056	200052	202112	200056
200060	200056	200056	200056	203892	200056
200056	200056	200060	200056	200056	200056
200060	200060	200060	200056	200056	200052
200056	200056	200056	200052	200056	200056
200056	200060	200060	200060	200052	200056
206828	200060	200056	200052	200056	200056
200060	200056	200056	200052	200056	200052
200056	200056	200060	200060	200056	200056
200060	200060	200060	200052	200052	200056
200056	200056	200056	200056	200056	200056
200056	200060	200060	200056	200056	200052
200060	200060	200056	200052	200056	200056
200060	200056	200056	200056	200052	200056
200056	200056	200060	200056	200056	200056
200060	200060	200060	200056	200056	200052
200056	200056	200056	200052	200056	200056
200056	200060	200060	200060	200052	200056
200060	200060	200056	200052	200056	200056
200060	200056	200056	200052	200056	200052
200056	200056	200060	200060	200056	200056
200060	200060	200060	200052	200052	200056
200056	200056	200056	200056	200056	200056
200056	200060	200060	200056	200056	200052
200060	200060	200056	200052	200056	200056
200060	200056	200056	200056	200052	200056
200056	200056	200060	200056	200056	200056
200060	200060	200060	200056	200056	200052
200056	200056	205808	200052	200056	200056
200056	200060	200060	200060	200052	200056
200060	200060	200056	200052	200056	200056
200060	200056	200056	200052	200056	200052
200056	200056	200060	200060	200056	200056
200060	200060	200056	200052	200052	200056
200056	200056	200060	200056	200056	200056
200056	200060	200060	200056	200056	200052
200060	200060	200056	205892	200056	200056
200060	200036	200056	200060	200052	200056
200056	200040	200060	200052	200056	200056
200060	200040	200056	200056	200056	200052
200056	200040	200060	200056	200056	200056
200056	200036	200060	200052	200052	200056
200060	200040	200056	200056	200056	200056
200060	200040	200056	200056	200056	200052
200056	200040	200060	200056	200056	200056
200060	200036	200056	200052	200052	200056
200056	200040	200060	200060	200056	200056
200056	200040	200060	200052	200056	200052
200060	200040	200056	200052	200056	200056
200060	200036	200056	200060	200052	200056
200056	200040	200060	200052	200056	200056
200060	200040	200056	200056	200056	200052
200056	200040	200060	200056	200056	200056
200056	200036	200060	200052	200052	200056
200060	200040	200056	200056	200056	200056
200060	200040	200056	200056	200056	200052
200056	200040	200060	200056	200056	205780
200060	200036	200056	200052	200052	200052
200056	200040	200060	200060	200056	200056
200056	200040	200060	200052	200056	200056
200060	200040	200056	200052	200056	200056
200060	200036	200056	200060	200052	200052
200056	200040	200060	200052	200056	200056
200060	200040	200056	200056	200056	200056
200056	200040	200060	200056	200056	200056
200056	200036	200060	200052	200052	200052
200060	200040	200056	200056	200056	200056
200060	200040	200056	200056	200056	200056
200056	200040	200060	200056	200056	200056
200060	200036	200056	200052	200052	200052
200056	200040	200060	200060	200056	200056
200056	200040	200060	200052	200056	200056
200060	200040	200056	200052	200056	200056
200060	200036	200056	200060	200052	200052
200056	200040	200060	200052	200056	200056
200060	200040	200056	200056	200056	200056
200056	200040	200060	200056	200056	200056
200056	200036	200056	200052	200052	200052
200060	200040	200060	200056	200056	200056
200060	200040	200056	200056	200056	200056
200056	200040	200060	200056	200056	200056
200060	200036	200056	200052	200052	200052
200056	200040	200056	200060	200056	200056
200056	200040	200060	200052	200056	200056
200060	200040	200060	200052	200056	200056
200060	200036	200056	200060	200052	200052
200056	200040	200060	200052	200056	200056
200060	200040	200056	200056	200056	200056
200056	200040	200060	200056	200056	200056
200056	200036	200060	200052	200052	200052
200060	200040	200056	200056	200056	200056
200060	200040	200056	200056	200056	200056
200056	200040	200060	200056	200056	200056
200060	200036	200056	200052	200052	200052
200056	200040	200060	200060	200056	200056
200056	200040	200060	200052	200056	200056
200060	200040	200056	200052	200056	200056
200060	200036	200056	200060	200052	200052
200056	200040	200060	200052	200056	200056
200060	207128	200056	200056	200056	200056
200056	200040	200060	200056	200056	200056
200056	200040	200060	200052	200052	200052
200060	200040	200056	200056	200056	200056
200060	200040	200056	200056	200056	200056
200056	200036	200060	200056	200056	200056
200060	200040	200056	200052	200052	200052
200056	200040	200060	200060	200056	200056
200056	200040	200060	200052	200056	200056
200060	200036	200056	200052	200056	200056
200060	200040	200056	200060	200052	200052
200056	200040	200060	200052	200056	200056
200060	200040	200056	200056	200056	200056
200056	200036	200060	200056	200056	200056
200056	200040	200060	200052	200052	200052
200060	200040	200056	200056	200056	200056
200060	200040	200056	200056	200056	200056
200056	200036	200060	200056	200056	200056
200060	200040	200056	200052	200052	200052
200056	200040	200060	200060	200056	200056
200056	200040	200060	200052	200056	200056
200060	200036	200056	200052	205772	200056
200060	200040	200056	200060	200056	200052
200056	200040	200060	200052	200052	200056
200060	200040	200056	200056	200056	200056
200056	200036	200060	200056	200056	200056
205844	200040	200060	200052	200056	200052
200060	200040	200056	200056	200052	200056
200056	200040	200056	200056	200056	200056
200060	200036	200060	200056	200056	200056
200060	200040	200056	200052	200056	200052
200056	200040	200060	200060	200052	200056
200056	200040	200060	200052	200056	200056
200060	200036	200056	200052	200056	200056
200056	200040	200056	200060	200056	200052
200060	200040	200060	200052	200052	200056
200060	200040	200056	200056	200056	200056
200056	200036	200060	200056	200056	200056
200056	200040	200060	200052	200056	200052
200060	200040	200056	200056	200052	200056
200056	200040	200056	200056	200056	200056
200060	200036	200060	200056	200056	200056
200060	200040	200056	200052	200056	200052
200056	200040	200056	200060	200052	200056
200056	200040	200060	200052	200056	200056
200060	200036	200060	200052	200056	200056
200056	200040	200056	200060	200056	200052
200060	200040	200060	200052	200052	200056
200060	200040	206404	200056	200056	200056
200056	200036	200060	200056	200056	200056
200056	200040	200056	200052	200056	200052
200060	200040	200060	200056	200056	200056
200056	200040	200060	200056	200056	200056
200060	200036	200056	200056	200052	200056
200060	200040	200056	200052	200056	200052
200056	200040	200060	200060	200056	200056
200056	200040	200056	205884	200056	200056
200060	200036	200060	200056	200052	200056
200056	200040	200060	200052	200056	200052
200060	200040	200056	200060	200056	200056
200060	200040	200056	200052	200056	200056
200056	200036	200060	200052	200052	200056
200056	200040	200056	200060	200056	200052
200060	200040	200060	200052	200056	200056
200056	200040	200060	200056	200056	200056
200060	200036	200056	200056	200052	200056
200060	200040	200056	200052	200056	200052
200056	200040	200060	200056	200056	200056
200056	200040	200056	200056	200056	200056
200060	200036	200060	200056	200052	200056
200056	200040	200060	200052	200056	200052
200060	200040	200056	200060	200056	200056
200060	200040	200056	200052	200056	200056
200056	200036	200060	200052	200052	200056
200056	200040	200056	200060	200056	200052
200060	200040	200060	200052	200056	200056
200056	200040	200060	200056	200056	205688
200060	200036	200056	200056	200052	200056
200060	200040	200056	200052	200056	200056
200056	200040	200060	200056	200056	200056
200056	200040	200056	200056	200056	200052
200060	200036	200060	200056	200052	200056
200056	200040	200060	200052	200056	200056
200060	200040	200056	200060	200056	200056
200060	200040	200056	200064	200056	200052
200056	200036	200060	200052	200052	200056
200056	200040	200056	200052	200056	200056
200060	200040	200060	200060	200056	200056
200056	200040	200060	200052	200056	200052
200060	200036	200056	200056	200052	200056
200060	200040	200056	200056	200056	200056
200056	200040	200060	200052	200056	200056
200056	200040	200056	200056	200056	200052
200060	200036	200060	200056	200052	200056
200056	200040	200060	200056	200056	200056



